0.0020800018310546875 -0.0037599945068359374 -0.05999946594238281
-0.0037599945068359374 -0.0026866722106933592 0.06666755676269531
-0.0026866722106933592 -0.0046666526794433595 -1.0480003356933594
-0.0046666526794433595 -0.00010000228881835937 -1.3493328094482422
-0.00010000228881835937 0.002753334045410156 0.4306659698486328
0.002753334045410156 0.0019199943542480469 0.073333740234375
0.0019199943542480469 0.0032533454895019532 -0.5126667022705078
0.0032533454895019532 -0.0003999900817871094 -0.0193328857421875
-0.0003999900817871094 -0.00023332595825195312 0.4920005798339844
-0.00023332595825195312 -0.00010667800903320312 -0.6520004272460938
-0.00010667800903320312 0.0162066650390625 -0.09533500671386719
0.0162066650390625 -0.0017066574096679687 1.5473346710205078
-0.0017066574096679687 0.004279994964599609 1.2119998931884766
0.004279994964599609 0.0030399894714355467 0.8213329315185547
0.0030399894714355467 -0.0019199943542480469 0.6313323974609375
-0.0019199943542480469 0.0027533531188964843 -0.7573318481445312
0.0027533531188964843 0.0007399940490722657 0.09866714477539062
0.0007399940490722657 -0.0019933319091796874 -0.1573352813720703
-0.0019933319091796874 0.0051799964904785155 -0.3453330993652344
0.0051799964904785155 0.0010666656494140625 -0.0366668701171875
0.0010666656494140625 -0.0005133438110351562 -0.2946662902832031
-0.0005133438110351562 0.00026666641235351563 -0.5039997100830078
0.00026666641235351563 0.0011733245849609374 0.03266716003417969
0.0011733245849609374 0.002613334655761719 -0.47333335876464844
0.002613334655761719 0.000453338623046875 0.41933250427246094
0.000453338623046875 -0.0038666534423828125 0.4313335418701172
-0.0038666534423828125 -0.002239990234375 -0.31799888610839844
-0.002239990234375 -0.0003600120544433594 -0.3066673278808594
-0.0003600120544433594 0.003193340301513672 0.2566661834716797
0.003193340301513672 -0.0004866600036621094 0.5980014801025391
-0.0004866600036621094 0.0008800125122070312 -0.07466697692871094
0.0008800125122070312 0.0008199882507324219 -0.13733291625976562
0.0008199882507324219 0.0005000114440917968 0.14333152770996094
0.0005000114440917968 -0.0021733474731445313 0.17333412170410156
-0.0021733474731445313 -0.002133331298828125 0.48799896240234375
-0.002133331298828125 0.004366664886474609 -0.2279987335205078
0.004366664886474609 -0.002613353729248047 0.37933349609375
-0.002613353729248047 -0.0027866554260253906 -0.6373348236083984
-0.0027866554260253906 0.008626651763916016 -1.1426658630371094
0.008626651763916016 -0.002220001220703125 0.7986660003662109
-0.002220001220703125 0.0022400093078613283 0.5880012512207031
0.0022400093078613283 4.001617431640625e-05 1.074666976928711
4.001617431640625e-05 -0.0017333221435546875 0.3680000305175781
-0.0017333221435546875 -0.00021333694458007811 -0.1573333740234375
-0.00021333694458007811 0.0004133415222167969 0.12866592407226562
0.0004133415222167969 0.002953338623046875 -0.44066619873046875
0.002953338623046875 -0.00035999298095703127 -0.1979999542236328
-0.00035999298095703127 -0.002326679229736328 0.1726665496826172
-0.002326679229736328 0.004300003051757813 -0.5700016021728516
0.004300003051757813 -0.00038000106811523436 0.5960006713867188
-0.00038000106811523436 0.0013266754150390624 0.5006675720214844
0.0013266754150390624 -0.0014800071716308595 0.5666675567626953
-0.0014800071716308595 0.0006666755676269531 -0.14600181579589844
0.0006666755676269531 0.0009599876403808594 -0.1939983367919922
0.0009599876403808594 0.003213329315185547 0.001331329345703125
0.003213329315185547 -0.0026799964904785155 0.858001708984375
-0.0026799964904785155 -0.0006533432006835938 -0.3153343200683594
-0.0006533432006835938 -0.0015533256530761718 -0.2873344421386719
-0.0015533256530761718 -5.33294677734375e-05 -0.5606651306152344
-5.33294677734375e-05 -0.0018400001525878907 -0.10266685485839844
-0.0018400001525878907 0.0005866813659667968 -0.2613334655761719
0.0005866813659667968 -0.0009600067138671875 -0.3786659240722656
-0.0009600067138671875 0.01994667053222656 0.06533241271972656
0.01994667053222656 -0.0013866806030273437 1.695333480834961
-0.0013866806030273437 -0.0018199920654296876 -0.5313339233398438
-0.0018199920654296876 0.0010333251953125 -0.5219993591308594
0.0010333251953125 -0.002953338623046875 0.4026660919189453
-0.002953338623046875 0.005173320770263672 -0.33933258056640625
0.005173320770263672 -0.0012000083923339843 0.5626659393310547
-0.0012000083923339843 -0.0006200027465820313 -0.12800025939941406
-0.0006200027465820313 0.0004199981689453125 0.10600090026855469
0.0004199981689453125 -0.000926666259765625 0.1919994354248047
-0.000926666259765625 0.0 -0.6000003814697266
0.0 0.0028400039672851563 0.2346668243408203
0.0028400039672851563 0.0017333412170410156 0.1486682891845703
0.0017333412170410156 3.332138061523437e-05 0.5900001525878906
3.332138061523437e-05 0.0024399948120117187 -0.24666786193847656
0.0024399948120117187 0.0007533454895019532 0.5900001525878906
0.0007533454895019532 -0.00048000335693359374 0.5666675567626953
-0.00048000335693359374 -0.00039333343505859375 0.7093324661254883
-0.00039333343505859375 -0.000106658935546875 -0.4133329391479492
-0.000106658935546875 -0.007673330307006836 0.21399974822998047
-0.007673330307006836 0.0001599884033203125 -0.44466686248779297
0.0001599884033203125 0.0033400154113769533 0.11066627502441406
0.0033400154113769533 -0.0009733390808105469 -0.41066551208496094
-0.0009733390808105469 7.999420166015625e-05 -0.45200157165527344
7.999420166015625e-05 0.001893329620361328 0.6573333740234375
0.001893329620361328 0.0014866733551025392 0.3293342590332031
0.0014866733551025392 0.005006675720214844 0.15000057220458984
0.005006675720214844 -0.0015266704559326171 0.5159997940063477
-0.0015266704559326171 0.0019933319091796874 0.1806659698486328
0.0019933319091796874 0.001640005111694336 -0.0013332366943359375
0.001640005111694336 0.004246673583984375 -0.011332511901855469
0.004246673583984375 0.005486669540405273 0.5019998550415039
0.005486669540405273 0.005066671371459961 1.2773323059082031
0.005066671371459961 0.003986673355102539 0.3360004425048828
0.003986673355102539 -0.0010733318328857422 -0.08933258056640625
-0.0010733318328857422 -0.0028933238983154296 0.31733226776123047
-0.0028933238983154296 -0.00038000106811523436 -0.3659992218017578
-0.00038000106811523436 0.0010666656494140625 0.5753326416015625
0.0010666656494140625 0.0007400035858154297 0.2733335494995117
0.0007400035858154297 0.0020800018310546875 -0.1099996566772461
0.0020800018310546875 -0.00023333549499511718 0.2433328628540039
-0.00023333549499511718 -0.0014200019836425781 -0.02733325958251953
-0.0014200019836425781 -0.003386659622192383 0.29400062561035156
-0.003386659622192383 -0.005233325958251953 -1.1719999313354492
-0.005233325958251953 0.0006333255767822266 -0.3839998245239258
0.0006333255767822266 -0.0038333415985107424 -0.037334442138671875
-0.0038333415985107424 -0.0041733264923095705 -0.35000038146972656
-0.0041733264923095705 -0.003899993896484375 -0.5926656723022461
-0.003899993896484375 -0.0007466602325439453 -0.2539997100830078
-0.0007466602325439453 0.0017733383178710938 0.8379993438720703
0.0017733383178710938 -0.0003733253479003906 -0.057999610900878906
-0.0003733253479003906 -0.002460002899169922 -0.2819995880126953
-0.002460002899169922 -0.0002466583251953125 -0.8826675415039062
-0.0002466583251953125 0.0022866630554199217 0.24066734313964844
0.0022866630554199217 0.002266654968261719 0.14066600799560547
0.002266654968261719 -0.0009200000762939454 0.4519996643066406
-0.0009200000762939454 -0.0005000019073486328 -0.4679994583129883
-0.0005000019073486328 -0.00036665916442871096 -0.07666683197021484
-0.00036665916442871096 -0.00012000083923339844 0.2720003128051758
-0.00012000083923339844 0.0012333297729492188 0.05733299255371094
0.0012333297729492188 -0.004499998092651367 -0.10266685485839844
-0.004499998092651367 -0.0011466598510742187 -0.6146659851074219
-0.0011466598510742187 -0.00989333152770996 0.08800029754638672
-0.00989333152770996 0.0002200031280517578 -0.7000007629394531
0.0002200031280517578 0.0012399959564208985 0.3213338851928711
0.0012399959564208985 0.0009133338928222657 0.2219991683959961
0.0009133338928222657 -0.0027266693115234374 0.15133380889892578
-0.0027266693115234374 0.0005200004577636719 -0.3453330993652344
0.0005200004577636719 -0.0007666587829589844 -0.26600074768066406
-0.0007666587829589844 -0.0019466590881347657 -0.10733222961425781
-0.0019466590881347657 0.00279998779296875 -0.5500001907348633
0.00279998779296875 -0.0021933364868164064 -0.08666801452636719
-0.0021933364868164064 -0.00012664794921875 -0.4246654510498047
-0.00012664794921875 -0.0014333343505859375 0.04133415222167969
-0.0014333343505859375 -0.00038000106811523436 -0.042667388916015625
-0.00038000106811523436 -0.0006866645812988281 -0.20400047302246094
-0.0006866645812988281 0.0006666755676269531 0.1359996795654297
0.0006666755676269531 0.020920000076293944 -0.1639995574951172
0.020920000076293944 0.0012666702270507813 1.7113332748413086
0.0012666702270507813 0.0006333446502685547 0.43866634368896484
0.0006333446502685547 0.0019133377075195312 -0.011332511901855469
0.0019133377075195312 -0.0004933357238769531 -0.38733386993408203
-0.0004933357238769531 -0.0006933403015136719 -0.6733341217041016
-0.0006933403015136719 0.0016666698455810548 0.023334503173828125
0.0016666698455810548 0.0031599998474121094 0.7533330917358398
0.0031599998474121094 -0.002373342514038086 0.11666584014892578
-0.002373342514038086 0.0028333282470703125 -0.15199947357177734
0.0028333282470703125 -0.0006866741180419922 0.35866641998291016
-0.0006866741180419922 0.0015000057220458983 -0.5299997329711914
0.0015000057220458983 0.0013466548919677734 -0.10666656494140625
0.0013466548919677734 0.00013333320617675781 0.20399951934814453
0.00013333320617675781 0.0025266742706298827 0.2786674499511719
0.0025266742706298827 -0.0008266735076904297 -0.15999984741210938
-0.0008266735076904297 -0.0006799983978271484 0.6899995803833008
-0.0006799983978271484 -0.002846660614013672 0.2799997329711914
-0.002846660614013672 -0.0005266761779785156 -0.5033330917358398
-0.0005266761779785156 0.002566661834716797 -0.22733402252197266
0.002566661834716797 -0.0013133335113525392 0.37400054931640625
-0.0013133335113525392 0.0014533329010009766 -0.052666664123535156
0.0014533329010009766 -0.001466665267944336 0.18866634368896484
-0.001466665267944336 -0.0004933357238769531 0.4246673583984375
-0.0004933357238769531 0.00026000022888183593 -0.14266681671142578
0.00026000022888183593 -0.0022733306884765627 0.13666629791259766
-0.0022733306884765627 -0.004959993362426758 -0.3540000915527344
-0.004959993362426758 0.0010199928283691406 -0.676666259765625
0.0010199928283691406 -0.001253337860107422 0.3379993438720703
-0.001253337860107422 -0.0012133312225341797 -0.1873331069946289
-0.0012133312225341797 0.0015866661071777344 0.2926673889160156
0.0015866661071777344 -0.001700000762939453 -0.31333351135253906
-0.001700000762939453 0.0006599998474121093 -0.18666648864746094
0.0006599998474121093 -0.001226654052734375 -0.05333423614501953
-0.001226654052734375 -0.0003999900817871094 -0.43866539001464844
-0.0003999900817871094 -0.0007266807556152344 -0.6879997253417969
-0.0007266807556152344 -0.0005333328247070313 0.0493316650390625
-0.0005333328247070313 0.00022665023803710937 0.06400108337402344
0.00022665023803710937 -0.0001399993896484375 0.23533248901367188
-0.0001399993896484375 -0.0016733169555664062 -0.16866493225097656
-0.0016733169555664062 7.333755493164063e-05 -0.06666755676269531
7.333755493164063e-05 0.00041332244873046873 -0.03266716003417969
0.00041332244873046873 -0.000193328857421875 0.4326667785644531
-0.000193328857421875 -0.0009000015258789063 -0.1013336181640625
-0.0009000015258789063 -0.0013066577911376954 1.130666732788086
-0.0013066577911376954 0.00024000167846679687 -0.4066658020019531
0.00024000167846679687 -0.0005800056457519531 -0.7693347930908203
-0.0005800056457519531 -0.0004199981689453125 -0.053333282470703125
-0.0004199981689453125 0.0009333419799804687 0.10000038146972656
0.0009333419799804687 0.007513351440429687 -0.11933326721191406
0.007513351440429687 0.0009466552734375 0.7620010375976562
0.0009466552734375 0.0010866737365722657 0.01666545867919922
0.0010866737365722657 0.0012333297729492188 0.1206674575805664
0.0012333297729492188 -0.0008466720581054687 -0.4046669006347656
-0.0008466720581054687 -0.0004999923706054687 -0.36333274841308594
-0.0004999923706054687 -0.0016066741943359375 -0.26399993896484375
-0.0016066741943359375 -6.67572021484375e-06 -0.12466812133789062
-6.67572021484375e-06 -0.0004933357238769531 -0.049999237060546875
-0.0004933357238769531 0.00033334732055664064 -0.6533336639404297
0.00033334732055664064 -0.001833324432373047 0.02066802978515625
-0.001833324432373047 0.0008466720581054687 -0.340667724609375
0.0008466720581054687 -0.0009200096130371094 0.12000083923339844
-0.0009200096130371094 -0.0005466651916503907 0.15799903869628906
-0.0005466651916503907 0.0007200050354003906 0.267333984375
0.0007200050354003906 -0.029126663208007813 -0.01200103759765625
-0.029126663208007813 0.0013066673278808595 -2.9246654510498047
0.0013066673278808595 0.00039333343505859375 0.04333305358886719
0.00039333343505859375 0.0051466751098632815 -1.9880008697509766
0.0051466751098632815 0.0021466636657714844 0.5033340454101562
0.0021466636657714844 0.001273345947265625 0.4659996032714844
0.001273345947265625 -0.0009333229064941406 -0.0066661834716796875
-0.0009333229064941406 -0.00099334716796875 -0.21466636657714844
-0.00099334716796875 -0.0014333343505859375 0.10133171081542969
-0.0014333343505859375 -0.0005200004577636719 -0.3213329315185547
-0.0005200004577636719 -0.0017066764831542968 0.10799980163574219
-0.0017066764831542968 0.0006933403015136719 -0.7426662445068359
0.0006933403015136719 -0.004540004730224609 -0.3573322296142578
-0.004540004730224609 -0.0012066650390625 -0.6300010681152344
-0.0012066650390625 -0.003380012512207031 -0.19666671752929688
-0.003380012512207031 0.0 -0.5400009155273438
0.0 -0.0008599853515625 0.5926685333251953
-0.0008599853515625 -0.0004999923706054687 -0.3020000457763672
-0.0004999923706054687 -0.0011733436584472655 -0.15200042724609375
-0.0011733436584472655 -0.00031999588012695314 0.07799911499023438
-0.00031999588012695314 -0.0015266799926757812 -0.5499992370605469
-0.0015266799926757812 0.009779987335205078 0.3659992218017578
0.009779987335205078 -0.007519989013671875 0.9566669464111328
-0.007519989013671875 0.0007133293151855469 -0.2773323059082031
0.0007133293151855469 -0.0014666748046875 0.60333251953125
-0.0014666748046875 0.0001200103759765625 0.27666664123535156
0.0001200103759765625 0.0003600120544433594 0.000667572021484375
0.0003600120544433594 0.0014999961853027343 0.11400032043457031
0.0014999961853027343 -0.0010333251953125 -0.21466827392578125
-0.0010333251953125 0.00013332366943359376 -0.3419990539550781
0.00013332366943359376 -0.0030866432189941406 0.3279991149902344
-0.0030866432189941406 -0.00046665191650390624 -0.14466476440429688
-0.00046665191650390624 -0.00028667449951171877 -0.10600090026855469
-0.00028667449951171877 -0.00202667236328125 -0.22466659545898438
-0.00202667236328125 -0.0014800071716308595 -0.7946681976318359
-0.0014800071716308595 -0.0009133338928222657 -0.2026653289794922
-0.0009133338928222657 -0.002773323059082031 -0.40866661071777344
-0.002773323059082031 0.0016733169555664062 -0.10000038146972656
0.0016733169555664062 -0.0010933303833007813 -1.0960006713867188
-0.0010933303833007813 -0.002780017852783203 -0.10933303833007812
-0.002780017852783203 -0.004166660308837891 -1.1126670837402344
-0.004166660308837891 -0.004126663208007812 -0.8646659851074219
-0.004126663208007812 0.0005733299255371093 -0.09933280944824219
0.0005733299255371093 -0.0017733192443847657 -0.43866729736328125
-0.0017733192443847657 -0.0027066612243652343 -0.6366653442382812
-0.0027066612243652343 0.0010599899291992188 -0.4726676940917969
0.0010599899291992188 0.0064666748046875 0.4139995574951172
0.0064666748046875 -0.0041133308410644534 1.5860004425048828
-0.0041133308410644534 -0.006826667785644531 -1.2999992370605469
-0.006826667785644531 0.0016933250427246093 -1.0666675567626953
0.0016933250427246093 -0.006573333740234375 0.0019989013671875
-0.006573333740234375 -0.0030933380126953124 -1.3953323364257812
-0.0030933380126953124 -0.0033066558837890627 -0.8199996948242188
-0.0033066558837890627 -0.00029998779296875 -1.5599994659423828
-0.00029998779296875 -0.010233345031738282 1.0206680297851562
-0.010233345031738282 -0.012933349609375 -0.780670166015625
-0.012933349609375 0.005439987182617187 -3.3839988708496094
0.005439987182617187 0.016499977111816406 0.9666671752929688
0.016499977111816406 0.00391998291015625 2.400665283203125
0.00391998291015625 -0.013166656494140625 -0.9239997863769531
-0.013166656494140625 -0.016459999084472657 -1.5093307495117188
-0.016459999084472657 0.003540000915527344 -2.7760009765625
0.003540000915527344 0.0010466766357421875 0.5093307495117188
0.0010466766357421875 0.015219993591308593 -0.42533111572265625
0.015219993591308593 -0.006980018615722656 1.909332275390625
-0.006980018615722656 -0.0058600234985351565 -1.7666664123535156
-0.0058600234985351565 -0.03428665161132813 -0.4799995422363281
-0.03428665161132813 0.000540008544921875 -3.7819976806640625
0.000540008544921875 -0.01541332244873047 -0.5053367614746094
-0.01541332244873047 -0.06863998413085938 -2.2459983825683594
-0.06863998413085938 0.042533340454101565 -13.951332092285156
0.042533340454101565 0.023186683654785156 3.979999542236328
0.023186683654785156 0.012273330688476563 8.222667694091797
0.012273330688476563 -0.03461997985839844 -2.042003631591797
-0.03461997985839844 0.001660003662109375 -4.629997253417969
0.001660003662109375 -0.002326698303222656 2.0806655883789062
-0.002326698303222656 0.01696666717529297 -0.6053352355957031
0.01696666717529297 0.01118663787841797 2.4020004272460938
0.01118663787841797 -0.02771331787109375 -3.0253334045410156
-0.02771331787109375 -0.043400001525878903 -3.6253318786621094
-0.043400001525878903 0.003646659851074219 -5.459999084472656
0.003646659851074219 -0.005046653747558594 0.7700004577636719
-0.005046653747558594 0.04133331298828125 0.3313331604003906
0.04133331298828125 -0.010139999389648437 4.5319976806640625
-0.010139999389648437 0.011606636047363282 -0.6666641235351562
0.011606636047363282 0.032533302307128906 4.433330535888672
0.032533302307128906 0.03286666870117187 3.5
0.03286666870117187 -0.028846664428710936 6.686668395996094
-0.028846664428710936 -0.04091999053955078 -5.4373321533203125
-0.04091999053955078 -0.01229999542236328 -6.249336242675781
-0.01229999542236328 0.017153358459472655 2.7360000610351562
0.017153358459472655 0.023026657104492188 2.6793365478515625
0.023026657104492188 0.0653933334350586 2.251331329345703
0.0653933334350586 -0.03428668975830078 5.640666961669922
-0.03428668975830078 0.003419990539550781 -3.6026687622070312
0.003419990539550781 0.03555999755859375 1.2820014953613281
0.03555999755859375 -0.022966690063476562 3.953998565673828
-0.022966690063476562 0.051413345336914065 -0.9406661987304688
0.051413345336914065 0.0033733367919921873 8.366668701171875
0.0033733367919921873 0.027466678619384767 1.9659996032714844
0.027466678619384767 -0.008986663818359376 3.400667190551758
-0.008986663818359376 -0.007040004730224609 0.9533329010009766
-0.007040004730224609 -0.004046669006347656 -4.233333587646484
-0.004046669006347656 -0.028673324584960937 0.30666542053222656
-0.028673324584960937 -0.026833305358886717 -2.913331985473633
-0.026833305358886717 -0.005426673889160156 -4.529998779296875
-0.005426673889160156 0.015439987182617188 -0.142669677734375
0.015439987182617188 0.002733345031738281 2.826000213623047
0.002733345031738281 0.0005866622924804687 -0.3506660461425781
0.0005866622924804687 0.013333358764648438 0.6006660461425781
0.013333358764648438 0.0003533172607421875 -0.18333053588867188
0.0003533172607421875 -0.036686668395996096 1.5313301086425781
-0.036686668395996096 -0.020793342590332033 -1.8979988098144531
-0.020793342590332033 -0.019173316955566407 -0.11333465576171875
-0.019173316955566407 -0.0058333206176757815 -2.2533302307128906
-0.0058333206176757815 -0.008833351135253907 -0.6133346557617188
-0.008833351135253907 -0.01144001007080078 -0.5260009765625
-0.01144001007080078 -0.032013320922851564 -1.8713340759277344
-0.032013320922851564 -0.02140666961669922 -7.253997802734375
-0.02140666961669922 0.008593330383300781 -2.8686676025390625
0.008593330383300781 -0.01804664611816406 1.6706657409667969
-0.01804664611816406 0.014126663208007812 -3.6893310546875
0.014126663208007812 0.010826644897460937 2.6386642456054688
0.010826644897460937 -0.01150665283203125 0.17200088500976562
-0.01150665283203125 0.0030066680908203123 1.7426681518554688
0.0030066680908203123 -0.0034533309936523437 -1.5746688842773438
-0.0034533309936523437 -0.008306655883789062 1.1193351745605469
-0.008306655883789062 0.0020733261108398437 -1.7866668701171875
0.0020733261108398437 -0.014033355712890626 -3.8686676025390625
-0.014033355712890626 -0.03645336151123047 0.3646659851074219
-0.03645336151123047 0.017919998168945312 -4.334667205810547
0.017919998168945312 0.00021331787109375 6.6793365478515625
0.00021331787109375 -0.01906669616699219 3.5999984741210938
-0.01906669616699219 -0.005526657104492187 -5.919334411621094
-0.005526657104492187 0.00358001708984375 0.8860015869140625
0.00358001708984375 -0.00915332794189453 -0.047332763671875
-0.00915332794189453 0.019273300170898438 -1.1040000915527344
0.019273300170898438 -0.01047332763671875 0.2173309326171875
-0.01047332763671875 -0.007613334655761719 -2.4326629638671875
-0.007613334655761719 0.007306671142578125 0.4113311767578125
0.007306671142578125 0.008653335571289063 2.7220001220703125
0.008653335571289063 -0.019073333740234375 -0.6899986267089844
-0.019073333740234375 -0.0010266494750976562 -2.4953346252441406
-0.0010266494750976562 -0.008326683044433594 0.840667724609375
-0.008326683044433594 -0.0002933502197265625 -0.3553352355957031
-0.0002933502197265625 0.0036199951171875 0.2999992370605469
0.0036199951171875 -0.011746635437011719 -0.4113311767578125
-0.011746635437011719 -0.0013266754150390624 -0.8219985961914062
-0.0013266754150390624 0.00447998046875 0.909332275390625
0.00447998046875 -0.001959991455078125 0.48999786376953125
-0.001959991455078125 -0.015333328247070312 0.3173332214355469
-0.015333328247070312 0.002266654968261719 -3.2833328247070312
0.002266654968261719 -0.004373321533203125 -2.446666717529297
-0.004373321533203125 -0.00461334228515625 0.43866729736328125
-0.00461334228515625 -0.008973350524902344 -0.11733245849609375
-0.008973350524902344 -0.02222667694091797 0.8026657104492188
-0.02222667694091797 0.006606674194335938 -2.743999481201172
0.006606674194335938 -0.0341400146484375 -1.400665283203125
-0.0341400146484375 0.02323333740234375 -3.4580039978027344
0.02323333740234375 -0.004773330688476562 0.11199951171875
-0.004773330688476562 0.011660003662109375 0.6800003051757812
0.011660003662109375 -0.0139666748046875 4.147335052490234
-0.0139666748046875 -0.0037200164794921873 -6.270664215087891
-0.0037200164794921873 -0.007473373413085937 1.6093292236328125
-0.007473373413085937 -0.005880050659179688 -1.0193328857421875
-0.005880050659179688 0.000633392333984375 -0.6520004272460938
0.000633392333984375 -0.003040008544921875 0.8553390502929688
-0.003040008544921875 0.005113296508789063 0.07132720947265625
0.005113296508789063 0.0043866348266601565 0.31800079345703125
0.0043866348266601565 -0.005866622924804688 2.6560020446777344
-0.005866622924804688 -0.006180038452148437 -2.700664520263672
-0.006180038452148437 0.0019000244140625 1.7179946899414062
0.0019000244140625 -0.002126617431640625 -2.49932861328125
-0.002126617431640625 -0.06790000915527344 -5.099998474121094
-0.06790000915527344 -0.04535331726074219 -9.232002258300781
-0.04535331726074219 -0.02228668212890625 -3.6806640625
-0.02228668212890625 -0.010093307495117188 -8.554672241210938
-0.010093307495117188 -0.020739974975585936 0.00067138671875
-0.020739974975585936 -0.0011466217041015624 0.53399658203125
-0.0011466217041015624 -0.07623329162597656 0.06600189208984375
-0.07623329162597656 -0.03929328918457031 -17.53333282470703
-0.03929328918457031 -0.017466659545898437 6.866668701171875
-0.017466659545898437 0.04589996337890625 0.8666610717773438
0.04589996337890625 -0.0085400390625 4.389335632324219
-0.0085400390625 -0.01211334228515625 -2.4193344116210938
-0.01211334228515625 0.002046661376953125 -0.37066650390625
0.002046661376953125 -0.0204266357421875 -8.061332702636719
-0.0204266357421875 -0.057746658325195314 2.728668212890625
-0.057746658325195314 0.06470664978027343 -5.3300018310546875
0.06470664978027343 -0.011999969482421874 17.529335021972656
-0.011999969482421874 0.023733291625976562 -1.2659988403320312
0.023733291625976562 -0.016339950561523438 -4.600006103515625
-0.016339950561523438 0.007406692504882812 0.20000457763671875
0.007406692504882812 -0.018339996337890626 0.866668701171875
-0.018339996337890626 -0.012293319702148437 -1.8000030517578125
-0.012293319702148437 -0.006673355102539063 4.386665344238281
-0.006673355102539063 -0.003993377685546875 -3.0540008544921875
-0.003993377685546875 -0.003873291015625 0.13466644287109375
-0.003873291015625 -0.006639938354492187 0.14400482177734375
-0.006639938354492187 0.0031400299072265624 -0.5806655883789062
0.0031400299072265624 0.01504669189453125 3.4359970092773438
0.01504669189453125 -0.06374000549316407 3.4666671752929688
-0.06374000549316407 -0.03749336242675781 -4.9333343505859375
-0.03749336242675781 -0.029326705932617186 -9.400001525878906
-0.029326705932617186 -0.017526702880859377 -3.599334716796875
-0.017526702880859377 -0.04223335266113281 -0.8006668090820312
-0.04223335266113281 0.014726638793945312 -14.799331665039062
0.014726638793945312 0.0119000244140625 2.2659988403320312
0.0119000244140625 -0.0286199951171875 0.28800201416015625
-0.0286199951171875 -0.05086669921875 -12.272003173828125
-0.05086669921875 0.0262066650390625 -5.434661865234375
0.0262066650390625 -0.02444000244140625 10.092666625976562
-0.02444000244140625 -0.018193359375 -5.6739959716796875
-0.018193359375 -0.0375799560546875 -8.030670166015625
-0.0375799560546875 -0.00643341064453125 -7.6439971923828125
-0.00643341064453125 -0.012733306884765625 4.804656982421875
-0.012733306884765625 -0.01313323974609375 -19.176666259765625
-0.01313323974609375 0.133800048828125 7.7166748046875
0.133800048828125 0.0139666748046875 23.919998168945312
0.0139666748046875 0.20773338317871093 1.47332763671875
0.20773338317871093 -0.08796669006347656 15.603340148925781
-0.08796669006347656 -0.06643333435058593 -0.20000457763671875
-0.06643333435058593 -0.03533332824707031 -9.8699951171875
-0.03533332824707031 -0.027433319091796873 1.4233322143554688
-0.027433319091796873 -0.0564666748046875 0.3300018310546875
-0.0564666748046875 0.03296661376953125 -18.53667449951172
0.03296661376953125 0.08719985961914062 -1.10333251953125
0.08719985961914062 -0.08170013427734375 8.089996337890625
-0.08170013427734375 -0.03660003662109375 -10.779998779296875
-0.03660003662109375 0.06596664428710937 -1.7299957275390625
0.06596664428710937 0.06356674194335937 7.8433380126953125
0.06356674194335937 0.05519996643066406 8.14666748046875
0.05519996643066406 -0.018933258056640624 13.786659240722656
-0.018933258056640624 -0.05759994506835937 -9.889991760253906
-0.05759994506835937 0.017333221435546876 -10.383331298828125
0.017333221435546876 -0.0075 2.873321533203125
-0.0075 -0.039166717529296874 -1.7733306884765625
-0.039166717529296874 0.0892333984375 -6.4799957275390625
0.0892333984375 -0.027533416748046876 6.4566650390625
-0.027533416748046876 0.006299896240234375 -0.6533355712890625
0.006299896240234375 -0.019633331298828126 -0.14666748046875
-0.019633331298828126 -0.043800048828125 1.306671142578125
-0.043800048828125 -0.014033355712890626 -6.19000244140625
-0.014033355712890626 -0.02666656494140625 2.7700042724609375
-0.02666656494140625 -0.00350006103515625 -3.9566650390625
-0.00350006103515625 -0.010433349609375 -0.45001220703125
-0.010433349609375 0.03663330078125 -2.1433258056640625
0.03663330078125 -0.0185333251953125 -0.176666259765625
-0.0185333251953125 -0.0219000244140625 -1.3766632080078125
-0.0219000244140625 -0.00306671142578125 2.7333221435546875
-0.00306671142578125 -0.00253326416015625 4.8300018310546875
-0.00253326416015625 -0.06426666259765625 3.0166778564453125
-0.06426666259765625 0.013166656494140625 -6.40667724609375
0.013166656494140625 0.03 6.6933441162109375
0.03 -0.011599884033203126 3.4033203125
-0.011599884033203126 0.0273333740234375 -4.0433197021484375
0.0273333740234375 -0.013133392333984376 2.426666259765625
-0.013133392333984376 0.0130999755859375 2.1733245849609375
0.0130999755859375 -0.01986663818359375 1.0200042724609375
-0.01986663818359375 -0.03073333740234375 4.3000030517578125
-0.03073333740234375 -0.02239990234375 -5.2433319091796875
-0.02239990234375 -0.0244000244140625 -6.9633331298828125
-0.0244000244140625 0.00663330078125 0.7733306884765625
0.00663330078125 -0.031833343505859375 -2.600006103515625
-0.031833343505859375 0.003899993896484375 -1.133331298828125
0.003899993896484375 -0.02029998779296875 6.470001220703125
-0.02029998779296875 0.00693328857421875 1.2133331298828125
0.00693328857421875 0.003033294677734375 0.4666595458984375
0.003033294677734375 -0.001433258056640625 1.4000091552734375
-0.001433258056640625 -0.17360000610351561 0.6399993896484375
-0.17360000610351561 -0.022466583251953123 -17.080001831054688
-0.022466583251953123 -0.017866668701171876 3.94000244140625
-0.017866668701171876 0.00426666259765625 -14.550003051757812
0.00426666259765625 -0.046299896240234374 -1.996673583984375
-0.046299896240234374 -0.061833343505859374 -1.8366546630859375
-0.061833343505859374 0.017733306884765626 -12.300003051757812
0.017733306884765626 -0.023866729736328127 -3.220001220703125
-0.023866729736328127 -0.0548333740234375 -10.366668701171875
-0.0548333740234375 -0.09996673583984375 -7.01666259765625
-0.09996673583984375 0.0944000244140625 1.5399932861328125
0.0944000244140625 -0.07066665649414063 13.7166748046875
-0.07066665649414063 0.00790008544921875 -11.193344116210938
0.00790008544921875 -0.019600067138671875 -0.329986572265625
-0.019600067138671875 0.05416671752929687 -4.6366729736328125
0.05416671752929687 -0.012700042724609374 -6.8633270263671875
-0.012700042724609374 0.10036666870117188 -9.393341064453125
0.10036666870117188 0.04020004272460938 26.44000244140625
0.04020004272460938 -0.03003326416015625 -13.546661376953125
-0.03003326416015625 -0.01149993896484375 -1.3300018310546875
-0.01149993896484375 0.016733245849609377 -8.093338012695312
0.016733245849609377 -0.01806671142578125 5.01666259765625
-0.01806671142578125 -0.04333328247070312 0.013336181640625
-0.04333328247070312 0.09586669921875 -13.569992065429688
0.09586669921875 0.006199951171875 0.88665771484375
0.006199951171875 0.027133331298828126 6.0800018310546875
0.027133331298828126 0.009966583251953124 5.26666259765625
0.009966583251953124 -0.04246673583984375 -3.5966644287109375
-0.04246673583984375 0.0089666748046875 -10.506668090820312
0.0089666748046875 -0.02003326416015625 4.5033416748046875
-0.02003326416015625 -0.01736663818359375 -3.6666717529296875
-0.01736663818359375 -0.045966796875 -9.330001831054688
-0.045966796875 0.020366668701171875 -6.4900054931640625
0.020366668701171875 -0.077933349609375 -1.399993896484375
-0.077933349609375 -0.07216659545898438 -11.610000610351562
-0.07216659545898438 -0.1332000732421875 -6.3799896240234375
-0.1332000732421875 0.102066650390625 -26.12335205078125
0.102066650390625 -0.0660333251953125 2.20001220703125
-0.0660333251953125 -0.01106658935546875 6.133331298828125
-0.01106658935546875 0.0367333984375 -7.253326416015625
0.0367333984375 -0.02333343505859375 3.123321533203125
-0.02333343505859375 -0.038800048828125 -2.8699951171875
-0.038800048828125 -0.04730010986328125 4.73333740234375
-0.04730010986328125 -0.0151666259765625 -6.980010986328125
-0.0151666259765625 0.0355999755859375 1.246673583984375
0.0355999755859375 -0.0278668212890625 6.89666748046875
-0.0278668212890625 -0.0352667236328125 -6.89666748046875
-0.0352667236328125 0.04246673583984375 -12.126678466796875
0.04246673583984375 0.14720001220703124 7.010009765625
0.14720001220703124 0.0180999755859375 16.7833251953125
0.0180999755859375 -0.0691998291015625 -3.33331298828125
-0.0691998291015625 -0.01623321533203125 5.236663818359375
-0.01623321533203125 -0.01410003662109375 -10.1300048828125
-0.01410003662109375 -0.0010333251953125 -10.779998779296875
-0.0010333251953125 0.01663330078125 7.339996337890625
0.01663330078125 -0.058133544921875 3.333343505859375
-0.058133544921875 0.0276666259765625 -8.223358154296875
0.0276666259765625 0.0194000244140625 4.850006103515625
0.0194000244140625 -0.0253997802734375 3.826690673828125
-0.0253997802734375 0.034666748046875 10.399993896484375
0.034666748046875 -0.0062664794921875 3.726654052734375
-0.0062664794921875 0.0571002197265625 -5.579986572265625
0.0571002197265625 0.0575 12.970001220703125
0.0575 -0.02540008544921875 -0.60333251953125
-0.02540008544921875 0.062199859619140624 -4.70001220703125
0.062199859619140624 0.174566650390625 10.786666870117188
0.174566650390625 -0.04336669921875 33.503326416015625
-0.04336669921875 0.052899932861328124 -16.573333740234375
0.052899932861328124 -0.05926666259765625 -4.76666259765625
-0.05926666259765625 -0.048699951171875 8.7166748046875
-0.048699951171875 0.000500030517578125 3.296661376953125
0.000500030517578125 -0.0051666259765625 -9.389999389648438
-0.0051666259765625 -0.00866668701171875 10.096664428710938
-0.00866668701171875 -0.015399932861328125 10.729995727539062
-0.015399932861328125 -0.00866668701171875 9.913345336914062
-0.00866668701171875 -0.1505999755859375 8.503326416015625
-0.1505999755859375 -0.08906661987304687 -2.5433349609375
-0.08906661987304687 -0.10446670532226562 -30.7066650390625
-0.10446670532226562 0.09866668701171875 0.3000030517578125
0.09866668701171875 -0.001199951171875 9.800003051757812
-0.001199951171875 0.01529998779296875 -8.029998779296875
0.01529998779296875 0.06669998168945312 -3.086669921875
0.06669998168945312 0.05839996337890625 15.493331909179688
0.05839996337890625 0.021866607666015624 -9.139999389648438
0.021866607666015624 -0.0990667724609375 12.563323974609375
-0.0990667724609375 -0.0192333984375 -12.663330078125
-0.0192333984375 -0.019166717529296873 2.94000244140625
-0.019166717529296873 0.057566680908203126 2.6199951171875
0.057566680908203126 -0.004933319091796875 18.3033447265625
-0.004933319091796875 0.010233306884765625 -9.623336791992188
0.010233306884765625 0.03180007934570313 8.743331909179688
0.03180007934570313 -0.03666656494140625 4.6300048828125
-0.03666656494140625 -0.06813339233398437 -14.9566650390625
-0.06813339233398437 -0.1532000732421875 -13.916671752929688
-0.1532000732421875 0.0025 -6.4466705322265625
0.0025 0.015399932861328125 5.8033294677734375
0.015399932861328125 -0.021366729736328124 1.100006103515625
-0.021366729736328124 0.020099945068359375 3.2066650390625
0.020099945068359375 -0.028933258056640626 -0.1300048828125
-0.028933258056640626 -0.03573333740234375 -2.6433258056640625
-0.03573333740234375 -0.027933197021484377 -9.0
-0.027933197021484377 -0.03623336791992188 -19.333328247070312
-0.03623336791992188 0.034000091552734375 9.199996948242188
0.034000091552734375 0.06726669311523438 4.8166656494140625
0.06726669311523438 -0.0092999267578125 3.01666259765625
-0.0092999267578125 0.04739990234375 0.7266693115234375
0.04739990234375 0.00873321533203125 4.2166595458984375
0.00873321533203125 -0.000366668701171875 -12.243331909179688
-0.000366668701171875 -0.03866668701171875 7.23333740234375
-0.03866668701171875 0.06746658325195312 -7.0666656494140625
0.06746658325195312 0.027766571044921876 7.67999267578125
0.027766571044921876 -0.01703338623046875 7.1833343505859375
-0.01703338623046875 0.031366729736328126 -1.0333251953125
0.031366729736328126 0.018799896240234374 10.639999389648438
0.018799896240234374 0.01986663818359375 -12.07000732421875
0.01986663818359375 -0.02486663818359375 8.286666870117188
-0.02486663818359375 -0.032733306884765626 -0.7066650390625
-0.032733306884765626 -0.007533416748046875 0.100006103515625
-0.007533416748046875 0.024900054931640624 4.986663818359375
0.024900054931640624 0.09933319091796874 0.3000030517578125
0.09933319091796874 0.04903335571289062 21.88665771484375
0.04903335571289062 -0.03883331298828125 -1.0833282470703125
-0.03883331298828125 -0.039066619873046875 0.3166656494140625
-0.039066619873046875 0.047299957275390624 6.0433349609375
0.047299957275390624 0.029433441162109376 2.6199951171875
0.029433441162109376 0.0844000244140625 2.5166778564453125
0.0844000244140625 -0.03846664428710937 5.149993896484375
-0.03846664428710937 -0.031100006103515626 -7.48333740234375
-0.031100006103515626 -0.002400054931640625 -7.0366668701171875
-0.002400054931640625 -0.002899932861328125 4.836669921875
-0.002899932861328125 -0.009566650390625 -8.569992065429688
-0.009566650390625 -0.003700103759765625 -0.083343505859375
-0.003700103759765625 0.007833404541015625 -4.2266693115234375
0.007833404541015625 -0.008600006103515625 -2.753326416015625
-0.008600006103515625 0.0125665283203125 0.23333740234375
0.0125665283203125 0.01106658935546875 2.5566558837890625
0.01106658935546875 -0.022899932861328125 6.1100006103515625
-0.022899932861328125 0.024066619873046875 7.36334228515625
0.024066619873046875 -0.05959991455078125 -4.040008544921875
-0.05959991455078125 0.004733428955078125 -10.393325805664062
0.004733428955078125 -0.016999969482421873 6.9466705322265625
-0.016999969482421873 -0.000366668701171875 -0.57000732421875
-0.000366668701171875 -0.00779998779296875 -2.116668701171875
-0.00779998779296875 0.003333282470703125 -0.666656494140625
0.003333282470703125 0.006066741943359375 -1.4866790771484375
0.006066741943359375 0.009933319091796875 6.3833465576171875
0.009933319091796875 0.010766754150390625 -1.45001220703125
0.010766754150390625 -0.003899993896484375 -3.82666015625
-0.003899993896484375 0.008600006103515625 -3.703338623046875
0.008600006103515625 -0.02763336181640625 2.0766754150390625
-0.02763336181640625 -0.06139999389648437 -4.583343505859375
-0.06139999389648437 -0.03253326416015625 -14.330001831054688
-0.03253326416015625 0.0007666015625 -4.8633270263671875
0.0007666015625 0.013566741943359375 5.9799957275390625
0.013566741943359375 0.003300018310546875 -4.3366546630859375
0.003300018310546875 -0.014066619873046875 1.6266632080078125
-0.014066619873046875 -0.0035333251953125 -1.383331298828125
-0.0035333251953125 -0.009366607666015625 1.64666748046875
-0.009366607666015625 -0.015633392333984374 -0.910003662109375
-0.015633392333984374 0.05426666259765625 5.813323974609375
0.05426666259765625 -0.001233367919921875 11.9666748046875
-0.001233367919921875 -0.0175 -8.270004272460938
-0.0175 -0.002066650390625 -3.0066680908203125
-0.002066650390625 -0.00736663818359375 -8.039993286132812
-0.00736663818359375 -0.016699981689453126 5.19000244140625
-0.016699981689453126 -0.013600006103515624 4.1199951171875
-0.013600006103515624 0.0477667236328125 1.236663818359375
0.0477667236328125 -0.0192333984375 8.263336181640625
-0.0192333984375 0.002966766357421875 -7.366668701171875
0.002966766357421875 -0.003833465576171875 -2.5399932861328125
-0.003833465576171875 0.009666595458984375 1.0566558837890625
0.009666595458984375 -0.02529998779296875 3.3600006103515625
-0.02529998779296875 -0.01926666259765625 -1.5366668701171875
-0.01926666259765625 -0.007400054931640625 -4.1433258056640625
-0.007400054931640625 -0.009366607666015625 5.4666595458984375
-0.009366607666015625 0.0186334228515625 -0.92999267578125
0.0186334228515625 -0.0426666259765625 -7.323333740234375
-0.0426666259765625 -0.031100006103515626 -9.413330078125
-0.031100006103515626 -0.004199981689453125 -6.333343505859375
-0.004199981689453125 -0.016933441162109375 2.6666717529296875
-0.016933441162109375 0.00910003662109375 -1.6666717529296875
0.00910003662109375 -0.036899871826171875 1.366668701171875
-0.036899871826171875 -0.000766754150390625 0.5766754150390625
-0.000766754150390625 -0.0090667724609375 -1.273345947265625
-0.0090667724609375 0.004933319091796875 0.426666259765625
0.004933319091796875 -0.00486663818359375 2.1233367919921875
-0.00486663818359375 0.040333404541015624 -5.7899932861328125
0.040333404541015624 0.04503326416015625 6.2133331298828125
0.04503326416015625 -0.013466644287109374 10.803329467773438
-0.013466644287109374 0.0359332275390625 0.970001220703125
0.0359332275390625 -0.03126663208007813 -2.82000732421875
-0.03126663208007813 -0.017266693115234374 -1.546661376953125
-0.017266693115234374 -0.01459991455078125 -0.8633270263671875
-0.01459991455078125 0.00486663818359375 -8.413330078125
0.00486663818359375 0.009633331298828126 1.2166595458984375
0.009633331298828126 -0.01279998779296875 -0.426666259765625
-0.01279998779296875 -0.009333343505859374 1.10333251953125
-0.009333343505859374 -0.006966552734375 -3.2400054931640625
-0.006966552734375 0.005466766357421875 -6.09332275390625
0.005466766357421875 -0.0013665771484375 -0.3600006103515625
-0.0013665771484375 0.000466766357421875 -0.1399993896484375
0.000466766357421875 -0.02143341064453125 0.75
-0.02143341064453125 -0.028866729736328124 -2.583343505859375
-0.028866729736328124 0.001533203125 -7.193328857421875
0.001533203125 -0.015800018310546875 2.72332763671875
-0.015800018310546875 -0.01313323974609375 -2.063323974609375
-0.01313323974609375 0.00143341064453125 6.4633331298828125
0.00143341064453125 -0.001699981689453125 -0.7866668701171875
-0.001699981689453125 0.01 -0.80999755859375
0.01 -0.000533294677734375 -2.6100006103515625
-0.000533294677734375 0.0830999755859375 -1.44000244140625
0.0830999755859375 -0.015399932861328125 7.529998779296875
-0.015399932861328125 -0.01383331298828125 -0.07666015625
-0.01383331298828125 -0.010200042724609375 -2.9133453369140625
-0.010200042724609375 0.025833282470703125 -3.823333740234375
0.025833282470703125 0.0042333984375 3.0366668701171875
0.0042333984375 0.01386688232421875 -9.07666015625
0.01386688232421875 -0.0074664306640625 -4.693328857421875
-0.0074664306640625 0.0010333251953125 2.4666748046875
0.0010333251953125 -0.0097332763671875 -0.4000244140625
-0.0097332763671875 -0.0709332275390625 0.866668701171875
-0.0709332275390625 -0.01089996337890625 -6.0333251953125
-0.01089996337890625 0.0146331787109375 3.899993896484375
0.0146331787109375 -0.00903350830078125 2.866668701171875
-0.00903350830078125 -0.0086663818359375 -3.086669921875
-0.0086663818359375 -0.00720001220703125 -3.58331298828125
-0.00720001220703125 -0.0299664306640625 2.85333251953125
-0.0299664306640625 -0.01583343505859375 -4.426666259765625
-0.01583343505859375 -0.01470001220703125 -3.180023193359375
-0.01470001220703125 -0.01806640625 -1.673309326171875
-0.01806640625 -0.0291998291015625 -2.75
-0.0291998291015625 -0.0247332763671875 -9.350006103515625
-0.0247332763671875 -0.00360015869140625 -8.58001708984375
-0.00360015869140625 0.0326666259765625 4.05999755859375
0.0326666259765625 -0.005 3.116668701171875
-0.005 -0.13616668701171875 -13.166656494140625
-0.13616668701171875 0.00056671142578125 -18.34332275390625
0.00056671142578125 -0.07076690673828125 -24.720001220703125
-0.07076690673828125 -0.10149993896484374 -4.990020751953125
-0.10149993896484374 -0.01606658935546875 -9.54998779296875
-0.01606658935546875 -0.1033331298828125 -4.51666259765625
-0.1033331298828125 0.16410003662109374 -21.046661376953125
0.16410003662109374 -0.0177667236328125 -4.78668212890625
-0.0177667236328125 -0.06850006103515625 -5.989990234375
-0.06850006103515625 0.0063665771484375 -19.02667236328125
0.0063665771484375 0.24100006103515625 2.13665771484375
0.24100006103515625 -0.035533447265625 26.07000732421875
-0.035533447265625 0.04363311767578125 -7.936676025390625
0.04363311767578125 -0.11606658935546875 54.39666748046875
-0.11606658935546875 0.05336669921875 -30.786651611328125
0.05336669921875 0.05263336181640625 18.42333984375
0.05263336181640625 0.033599853515625 9.9566650390625
0.033599853515625 -0.02926666259765625 4.7733154296875
-0.02926666259765625 -0.058466796875 -20.066650390625
-0.058466796875 -0.0083001708984375 -14.3466796875
-0.0083001708984375 -0.0842333984375 2.55999755859375
-0.0842333984375 -0.0354669189453125 -21.1533203125
-0.0354669189453125 0.09546661376953125 -1.7266845703125
0.09546661376953125 0.05510009765625 29.040008544921875
0.05510009765625 -0.06356658935546874 -6.3599853515625
-0.06356658935546874 -0.02459991455078125 -0.506683349609375
-0.02459991455078125 -0.05313323974609375 -14.459991455078125
-0.05313323974609375 -0.0135333251953125 -5.443328857421875
-0.0135333251953125 -0.000633544921875 20.546661376953125
-0.000633544921875 0.04486663818359375 4.75665283203125
0.04486663818359375 -0.11730010986328125 27.760009765625
-0.11730010986328125 -0.00319976806640625 -14.230010986328125
-0.00319976806640625 0.02773345947265625 -2.836639404296875
0.02773345947265625 -0.01649993896484375 -2.643341064453125
-0.01649993896484375 0.053133544921875 17.296661376953125
0.053133544921875 0.0713665771484375 2.5533447265625
0.0713665771484375 0.0176666259765625 18.6966552734375
0.0176666259765625 -0.06170013427734375 -2.736663818359375
-0.06170013427734375 0.0404998779296875 -13.763336181640625
0.0404998779296875 0.0728997802734375 26.57666015625
0.0728997802734375 -0.05643310546875 1.356658935546875
-0.05643310546875 -0.090433349609375 -2.056640625
-0.090433349609375 0.0069000244140625 -16.263336181640625
0.0069000244140625 -0.02223358154296875 -13.713348388671875
-0.02223358154296875 -0.05183319091796875 -22.290008544921875
-0.05183319091796875 -0.03389984130859375 -11.939971923828125
-0.03389984130859375 0.08286651611328125 3.616668701171875
0.08286651611328125 -0.010333251953125 12.4366455078125
-0.010333251953125 -0.30323333740234376 -4.036651611328125
-0.30323333740234376 0.03410003662109375 -24.77001953125
0.03410003662109375 0.0097998046875 -13.933319091796875
0.0097998046875 0.037066650390625 14.29998779296875
0.037066650390625 -0.0522332763671875 23.2166748046875
-0.0522332763671875 0.08986663818359375 -1.123321533203125
0.08986663818359375 0.0148333740234375 26.78997802734375
0.0148333740234375 -0.04816680908203125 -17.889984130859375
-0.04816680908203125 -0.0095001220703125 -8.393341064453125
-0.0095001220703125 0.03893341064453125 -10.073333740234375
0.03893341064453125 0.07666656494140625 29.730010986328125
0.07666656494140625 -0.0373333740234375 -2.24334716796875
-0.0373333740234375 -0.04693328857421875 -5.0333251953125
-0.04693328857421875 -0.00023345947265625 10.660003662109375
-0.00023345947265625 0.13046661376953125 4.46331787109375
0.13046661376953125 0.0526666259765625 30.52667236328125
0.0526666259765625 -0.1134332275390625 -3.14666748046875
-0.1134332275390625 0.01350006103515625 -12.743316650390625
0.01350006103515625 -0.0082000732421875 6.356658935546875
-0.0082000732421875 -0.08786651611328125 33.933319091796875
-0.08786651611328125 0.00503326416015625 -13.716644287109375
0.00503326416015625 0.010233154296875 -20.833343505859375
0.010233154296875 0.0788665771484375 2.34332275390625
0.0788665771484375 -0.0202667236328125 15.393341064453125
-0.0202667236328125 -0.00156646728515625 -5.073333740234375
-0.00156646728515625 0.0060333251953125 -8.856658935546875
0.0060333251953125 -0.0433331298828125 6.086669921875
-0.0433331298828125 0.0787664794921875 -9.823333740234375
0.0787664794921875 -0.01693328857421875 8.87664794921875
-0.01693328857421875 -0.00523345947265625 -0.41998291015625
-0.00523345947265625 -0.08079986572265625 16.019989013671875
-0.08079986572265625 0.027933349609375 -12.80999755859375
0.027933349609375 0.0337664794921875 -4.683319091796875
0.0337664794921875 -0.032166748046875 0.2633056640625
-0.032166748046875 0.07616668701171875 9.086669921875
0.07616668701171875 -0.029666748046875 17.290008544921875
-0.029666748046875 0.21216659545898436 1.23333740234375
0.21216659545898436 -0.0282000732421875 43.34666442871094
-0.0282000732421875 -0.01713348388671875 -36.28001403808594
-0.01713348388671875 0.0025 -1.926666259765625
0.0025 -0.02586669921875 -18.22332763671875
-0.02586669921875 0.00373321533203125 -0.816650390625
0.00373321533203125 -0.03269989013671875 -2.213348388671875
-0.03269989013671875 -0.06003326416015625 9.8900146484375
-0.06003326416015625 0.0301666259765625 -2.399993896484375
0.0301666259765625 -0.0502667236328125 20.25665283203125
-0.0502667236328125 0.0250665283203125 -14.649993896484375
0.0250665283203125 -0.0063336181640625 -3.990020751953125
-0.0063336181640625 0.04913330078125 3.75
0.04913330078125 -0.029666748046875 19.86334228515625
-0.029666748046875 -0.023699951171875 1.779998779296875
-0.023699951171875 0.03079986572265625 -11.243316650390625
0.03079986572265625 -0.00963348388671875 -7.33001708984375
-0.00963348388671875 -0.03196685791015625 -14.5
-0.03196685791015625 -0.029466552734375 -13.496673583984375
-0.029466552734375 0.0467999267578125 -5.00665283203125
0.0467999267578125 -0.0353997802734375 -16.64666748046875
-0.0353997802734375 0.0197332763671875 -9.92999267578125
0.0197332763671875 -0.181533203125 0.57666015625
-0.181533203125 -0.05383331298828125 -19.0333251953125
-0.05383331298828125 0.02800018310546875 -14.296661376953125
0.02800018310546875 -0.00193328857421875 5.606658935546875
-0.00193328857421875 -0.01183319091796875 -1.133331298828125
-0.01183319091796875 -0.015966796875 4.47332763671875
-0.015966796875 0.03050018310546875 -2.74334716796875
0.03050018310546875 0.0592999267578125 -15.639984130859375
0.0592999267578125 -0.02209991455078125 20.943328857421875
-0.02209991455078125 0.04683349609375 7.02667236328125
0.04683349609375 0.15029998779296874 3.05999755859375
0.15029998779296874 -0.07236663818359375 20.936676025390625
-0.07236663818359375 0.019566650390625 -5.746673583984375
0.019566650390625 0.07693328857421874 5.519989013671875
0.07693328857421874 -0.0134332275390625 -6.07000732421875
-0.0134332275390625 -0.0025665283203125 3.420013427734375
-0.0025665283203125 -0.00616668701171875 -5.34332275390625
-0.00616668701171875 -0.32510009765625 -8.3133544921875
-0.32510009765625 -0.020433349609375 -14.910003662109375
-0.020433349609375 0.08693328857421875 19.94000244140625
0.08693328857421875 0.0086334228515625 11.980010986328125
0.0086334228515625 -0.0738665771484375 -5.486663818359375
-0.0738665771484375 -0.0615667724609375 32.2833251953125
-0.0615667724609375 -0.08246673583984375 -0.4666748046875
-0.08246673583984375 0.03329986572265625 -0.75665283203125
0.03329986572265625 -0.00079986572265625 13.82666015625
-0.00079986572265625 0.0177001953125 -14.13665771484375
0.0177001953125 0.04533355712890625 -0.253326416015625
0.04533355712890625 -0.04573333740234375 -11.693328857421875
-0.04573333740234375 0.09733306884765625 17.339996337890625
0.09733306884765625 -0.1073333740234375 16.8499755859375
-0.1073333740234375 0.0167999267578125 5.713348388671875
0.0167999267578125 0.11 8.10333251953125
0.11 -0.15159988403320312 31.333328247070312
-0.15159988403320312 0.0080999755859375 -24.159988403320312
0.0080999755859375 -0.07663330078125 2.106658935546875
-0.07663330078125 0.056966552734375 6.600006103515625
0.056966552734375 0.009366607666015625 0.9466552734375
0.009366607666015625 -0.01523345947265625 12.506668090820312
-0.01523345947265625 0.029600067138671873 -2.3300018310546875
0.029600067138671873 0.07123321533203125 19.65667724609375
0.07123321533203125 0.01436676025390625 0.4966583251953125
0.01436676025390625 -0.00873321533203125 9.893341064453125
-0.00873321533203125 -0.05173324584960937 -12.523330688476562
-0.05173324584960937 -0.047366485595703126 -20.610000610351562
-0.047366485595703126 0.010333251953125 -16.863327026367188
0.010333251953125 0.02633331298828125 6.226654052734375
0.02633331298828125 0.15106674194335937 7.5633392333984375
0.15106674194335937 -0.09836669921875 0.92999267578125
-0.09836669921875 0.04279998779296875 -1.1266632080078125
0.04279998779296875 -0.011999969482421874 10.35333251953125
-0.011999969482421874 -0.0747332763671875 -6.086669921875
-0.0747332763671875 0.04550003051757812 -9.253326416015625
0.04550003051757812 0.09063323974609375 14.183334350585938
0.09063323974609375 -0.025500030517578126 11.989990234375
-0.025500030517578126 -0.0002667236328125 4.8800048828125
-0.0002667236328125 0.10263336181640625 -2.6300048828125
0.10263336181640625 -0.003333282470703125 -1.8199920654296875
-0.003333282470703125 -0.07843338012695313 9.303329467773438
-0.07843338012695313 0.025333404541015625 -11.169998168945312
0.025333404541015625 -0.018199920654296875 -9.899993896484375
-0.018199920654296875 -0.02399993896484375 -3.4033355712890625
-0.02399993896484375 -0.03660003662109375 0.4366607666015625
-0.03660003662109375 0.004366607666015625 -11.89666748046875
0.004366607666015625 0.02163330078125 4.883331298828125
0.02163330078125 0.03980010986328125 13.98333740234375
0.03980010986328125 -0.0252667236328125 5.9900054931640625
-0.0252667236328125 0.04263336181640625 -2.4900054931640625
0.04263336181640625 0.022866668701171874 4.0
0.022866668701171874 -0.021866607666015624 -7.779998779296875
-0.021866607666015624 0.022100067138671874 -3.1399993896484375
0.022100067138671874 -0.01339996337890625 -8.413330078125
-0.01339996337890625 -0.02503326416015625 -9.770004272460938
-0.02503326416015625 0.0757000732421875 15.256668090820312
0.0757000732421875 0.021433258056640626 11.346664428710938
0.021433258056640626 -0.016866607666015623 -9.39666748046875
-0.016866607666015623 -0.048699951171875 -5.10333251953125
-0.048699951171875 -0.04453338623046875 -4.9366607666015625
-0.04453338623046875 -0.012533416748046875 -0.0633392333984375
-0.012533416748046875 -0.07606674194335937 -1.7833404541015625
-0.07606674194335937 -0.04513336181640625 -8.323333740234375
-0.04513336181640625 0.0002667236328125 -21.113327026367188
0.0002667236328125 0.0191998291015625 4.003326416015625
0.0191998291015625 -0.0495001220703125 5.703338623046875
-0.0495001220703125 -0.05246673583984375 2.703338623046875
-0.05246673583984375 0.00199981689453125 -16.256683349609375
0.00199981689453125 -0.04126678466796875 -0.633331298828125
-0.04126678466796875 0.03273345947265625 -20.57666015625
0.03273345947265625 -0.04413330078125 7.273345947265625
-0.04413330078125 -0.0360333251953125 -10.996673583984375
-0.0360333251953125 0.0596331787109375 -6.0
0.0596331787109375 -0.06829986572265626 8.329986572265625
-0.06829986572265626 0.001300048828125 7.670013427734375
0.001300048828125 -0.1373333740234375 4.7066650390625
-0.1373333740234375 -0.0215667724609375 -6.773345947265625
-0.0215667724609375 -0.02786651611328125 0.5533447265625
-0.02786651611328125 -0.01756683349609375 7.0966796875
-0.01756683349609375 -0.02346649169921875 -12.370025634765625
-0.02346649169921875 0.03166656494140625 -9.879974365234375
0.03166656494140625 -0.02003326416015625 8.269989013671875
-0.02003326416015625 0.038699951171875 -2.60333251953125
0.038699951171875 0.04753326416015625 7.0
0.04753326416015625 -0.01540008544921875 7.086669921875
-0.01540008544921875 -0.011099853515625 0.459991455078125
-0.011099853515625 -0.052633056640625 -6.1099853515625
-0.052633056640625 -0.013599853515625 -4.796661376953125
-0.013599853515625 0.05260009765625 4.92999267578125
0.05260009765625 -0.0304998779296875 14.600006103515625
-0.0304998779296875 -0.0291998291015625 -5.040008544921875
-0.0291998291015625 0.03029998779296875 7.25
0.03029998779296875 -0.03910003662109375 8.040008544921875
-0.03910003662109375 -0.02470001220703125 -8.490020751953125
-0.02470001220703125 0.0132000732421875 8.3900146484375
0.0132000732421875 0.024000244140625 -0.420013427734375
0.024000244140625 -0.02410003662109375 -8.199981689453125
-0.02410003662109375 -0.01040008544921875 -10.370025634765625
-0.01040008544921875 0.1152001953125 -9.04998779296875
0.1152001953125 -0.001099853515625 7.82000732421875
-0.001099853515625 0.00779998779296875 0.660003662109375
0.00779998779296875 0.041400146484375 -9.589996337890625
0.041400146484375 0.03260009765625 2.220001220703125
0.03260009765625 0.02160003662109375 -0.480010986328125
0.02160003662109375 0.0044000244140625 -6.82000732421875
0.0044000244140625 0.0094000244140625 -1.3800048828125
0.0094000244140625 0.055 8.430023193359375
0.055 0.035 16.769989013671875
0.035 -0.07829986572265625 11.260009765625
-0.07829986572265625 -0.00139984130859375 -12.010009765625
-0.00139984130859375 0.0504998779296875 0.760009765625
0.0504998779296875 0.0205999755859375 0.319976806640625
0.0205999755859375 0.1075 16.610015869140625
0.1075 -0.08120010375976562 11.649993896484375
-0.08120010375976562 0.044300079345703125 3.9799957275390625
0.044300079345703125 0.013699951171875 5.510009765625
0.013699951171875 0.0419000244140625 5.5699920654296875
0.0419000244140625 -0.008599853515625 5.5
-0.008599853515625 0.02010009765625 10.010009765625
0.02010009765625 0.011699981689453125 2.9799957275390625
0.011699981689453125 0.0894000244140625 5.6199951171875
0.0894000244140625 -0.022899932861328125 7.029998779296875
-0.022899932861328125 -0.0504998779296875 -15.709991455078125
-0.0504998779296875 -0.10149993896484374 13.970001220703125
-0.10149993896484374 0.003899993896484375 -19.460006713867188
0.003899993896484375 0.13759994506835938 9.699996948242188
0.13759994506835938 0.008600006103515625 11.520004272460938
0.008600006103515625 0.086199951171875 1.8600006103515625
0.086199951171875 0.01149993896484375 0.5999908447265625
0.01149993896484375 0.030200042724609376 -4.279998779296875
0.030200042724609376 -0.051300048828125 -9.29998779296875
-0.051300048828125 -0.0030999755859375 -10.370010375976562
-0.0030999755859375 0.023300018310546875 4.3700103759765625
0.023300018310546875 -0.06510009765625 -0.790008544921875
-0.06510009765625 0.017800140380859374 -7.8600006103515625
0.017800140380859374 0.036199951171875 8.010009765625
0.036199951171875 -0.07290008544921875 14.67999267578125
-0.07290008544921875 -0.0117999267578125 -11.240005493164062
-0.0117999267578125 0.0305999755859375 13.95001220703125
0.0305999755859375 0.005200042724609375 14.629989624023438
0.005200042724609375 -0.1230999755859375 3.2400054931640625
-0.1230999755859375 0.04720001220703125 0.8800048828125
0.04720001220703125 0.031999969482421876 3.899993896484375
0.031999969482421876 -0.04930007934570312 -6.7700042724609375
-0.04930007934570312 0.02910003662109375 -3.1100006103515625
0.02910003662109375 0.02959991455078125 4.3700103759765625
0.02959991455078125 -0.018800048828125 7.54998779296875
-0.018800048828125 0.04339996337890625 -1.089996337890625
0.04339996337890625 -0.00760009765625 9.199996948242188
-0.00760009765625 -0.03660003662109375 7.220001220703125
-0.03660003662109375 -0.018600006103515625 -4.94000244140625
-0.018600006103515625 0.02899993896484375 -11.489990234375
0.02899993896484375 -0.0207000732421875 5.0999908447265625
-0.0207000732421875 -0.015999908447265624 -5.029998779296875
-0.015999908447265624 -0.023800048828125 2.5600128173828125
-0.023800048828125 0.029199981689453126 -14.650009155273438
0.029199981689453126 0.05419998168945313 5.3000030517578125
0.05419998168945313 0.012299957275390625 2.339996337890625
0.012299957275390625 0.04790008544921875 8.220001220703125
0.04790008544921875 0.01839996337890625 6.19000244140625
0.01839996337890625 -0.00399993896484375 2.8300018310546875
-0.00399993896484375 0.029499969482421874 -1.6399993896484375
0.029499969482421874 -0.0704998779296875 -2.260009765625
-0.0704998779296875 0.016999969482421873 1.230010986328125
0.016999969482421873 0.03360000610351563 15.6199951171875
0.03360000610351563 -0.01970001220703125 5.80999755859375
-0.01970001220703125 -0.037700042724609376 -6.1999969482421875
-0.037700042724609376 0.03819992065429687 5.6399993896484375
0.03819992065429687 -0.015399932861328125 7.9499969482421875
-0.015399932861328125 0.0157000732421875 6.7100067138671875
0.0157000732421875 -0.010200042724609375 3.339996337890625
-0.010200042724609375 0.05650001525878906 9.629997253417969
0.05650001525878906 -0.0125 8.870002746582031
-0.0125 -0.07680000305175781 7.150001525878906
-0.07680000305175781 0.018700027465820314 -10.040000915527344
0.018700027465820314 0.04709999084472656 0.44000244140625
0.04709999084472656 -0.010100021362304687 1.4799957275390625
-0.010100021362304687 0.03129997253417969 9.360000610351562
0.03129997253417969 0.07339996337890625 -1.4000015258789062
0.07339996337890625 -0.05900001525878906 7.510002136230469
-0.05900001525878906 -0.013000030517578125 -15.959999084472656
-0.013000030517578125 -0.03239997863769531 -2.1100006103515625
-0.03239997863769531 0.00660003662109375 -1.0199966430664062
0.00660003662109375 0.07009994506835937 -0.470001220703125
0.07009994506835937 -0.03299995422363281 6.0099945068359375
-0.03299995422363281 -0.050699920654296876 -9.149993896484375
-0.050699920654296876 0.015199966430664062 -10.860000610351562
0.015199966430664062 -0.015099945068359375 9.299995422363281
-0.015099945068359375 -0.024499969482421877 -1.4199905395507812
-0.024499969482421877 0.0075 -7.19000244140625
0.0075 0.019799957275390623 -7.1300048828125
0.019799957275390623 -0.15540008544921874 1.089996337890625
-0.15540008544921874 -0.021599884033203124 -18.05999755859375
-0.021599884033203124 -0.001500091552734375 -2.459991455078125
-0.001500091552734375 0.02089996337890625 -15.620010375976562
0.02089996337890625 -0.006699981689453125 13.479995727539062
-0.006699981689453125 -0.059199981689453125 -9.319992065429688
-0.059199981689453125 0.0432000732421875 -13.44000244140625
0.0432000732421875 -0.03029998779296875 3.3800048828125
-0.03029998779296875 -0.016699981689453126 -9.05999755859375
-0.016699981689453126 0.00709991455078125 -3.4199981689453125
0.00709991455078125 -0.06490005493164062 0.329986572265625
-0.06490005493164062 0.050900115966796874 -11.67999267578125
0.050900115966796874 0.02470001220703125 5.5500030517578125
0.02470001220703125 0.026999969482421875 7.80999755859375
0.026999969482421875 -0.025099945068359376 2.4799957275390625
-0.025099945068359376 0.03460006713867188 -19.819992065429688
0.03460006713867188 0.0204998779296875 0.9799957275390625
0.0204998779296875 0.033199920654296874 10.789993286132812
0.033199920654296874 -0.0055999755859375 -5.0
-0.0055999755859375 -0.030500030517578124 7.0600128173828125
-0.030500030517578124 0.057400054931640625 -5.980010986328125
0.057400054931640625 -0.05149993896484375 7.5800018310546875
-0.05149993896484375 -0.02959991455078125 -5.6999969482421875
-0.02959991455078125 -0.005 -8.55999755859375
-0.005 0.16029998779296875 4.3799896240234375
0.16029998779296875 -0.03900009155273437 19.470001220703125
-0.03900009155273437 -0.0075 -8.05999755859375
-0.0075 0.0242999267578125 -3.739990234375
0.0242999267578125 0.02670013427734375 7.1599884033203125
0.02670013427734375 0.0175 6.3400115966796875
0.0175 -0.022100067138671874 4.7899932861328125
-0.022100067138671874 0.05979995727539063 5.1199951171875
0.05979995727539063 -0.028300018310546876 7.6699981689453125
-0.028300018310546876 0.02459991455078125 -9.849990844726562
0.02459991455078125 0.000800018310546875 -3.4900054931640625
0.000800018310546875 -0.003899993896484375 0.4300079345703125
-0.003899993896484375 0.020500030517578125 -4.1500091552734375
0.020500030517578125 -0.05029998779296875 6.44000244140625
-0.05029998779296875 -0.01720001220703125 -10.199996948242188
-0.01720001220703125 -0.04110000610351563 -11.020004272460938
-0.04110000610351563 0.0057000732421875 4.040008544921875
0.0057000732421875 -0.04009994506835937 3.6100006103515625
-0.04009994506835937 -0.0019000244140625 -2.7700042724609375
-0.0019000244140625 -0.0394000244140625 2.4199981689453125
-0.0394000244140625 -0.016999969482421873 -1.1300048828125
-0.016999969482421873 -0.0225 -2.4499969482421875
-0.0225 0.07550003051757813 -1.9499969482421875
0.07550003051757813 -0.025500030517578126 -2.3800048828125
-0.025500030517578126 0.0205999755859375 2.589996337890625
0.0205999755859375 0.0244000244140625 6.8000030517578125
0.0244000244140625 0.051199951171875 7.44000244140625
0.051199951171875 -0.021800079345703126 3.1399993896484375
-0.021800079345703126 -0.0395001220703125 -6.75
-0.0395001220703125 -0.02420013427734375 -4.0500030517578125
-0.02420013427734375 0.019499969482421876 7.779998779296875
0.019499969482421876 -0.0132000732421875 -0.989990234375
-0.0132000732421875 -0.001100006103515625 -2.3700103759765625
-0.001100006103515625 0.05209991455078125 -0.829986572265625
0.05209991455078125 0.14419998168945314 8.04998779296875
0.14419998168945314 -0.0180999755859375 12.930007934570312
